[[216,367,282,13,17,6,32,6,6,6,0,0,11,7,274,396,38],
[367,2477,1281,0,2,4,0,2,18,7,0,0,23,0,11,145,31],
[282,1281,615,0,0,2,7,2,6,0,0,0,15,0,90,33,17],
[13,0,0,0,21,23,80,8,4,2,6,2,102,0,34,25,5],
[17,2,0,21,0,19,47,1,2,0,5,2,69,0,23,24,6],
[6,4,2,23,19,0,40,4,3,0,2,9,40,0,12,10,3],
[32,0,7,80,47,40,0,8,3,2,0,72,279,6,80,48,14],
[6,2,2,8,2,4,8,0,0,0,12,0,27,0,5,4,0],
[6,18,3,4,0,3,3,0,0,5,9,0,12,0,11,8,3],
[6,7,6,2,0,0,2,0,5,0,6,0,7,0,4,8,0],
[0,0,0,6,5,2,0,12,9,6,0,0,2,0,4,9,9],
[0,0,0,2,2,9,72,0,0,0,0,0,608,34,13,39,2],
[11,23,15,102,69,40,279,27,12,7,2,608,0,46,527,1178,278],
[7,0,0,0,0,0,6,0,0,0,0,34,46,86,60,37,6],
[274,11,90,34,23,12,80,5,11,4,4,13,527,60,0,1306,237],
[396,145,33,25,24,10,48,4,8,8,9,39,1178,37,1306,892,417],
[38,31,17,5,6,3,14,0,3,0,9,2,278,6,237,417,0]]